tract_geoid_2019,<100,100,101 - 199,200,>200
06001400100,0.06320541760722348,0.27840481565086533,0.5237020316027088,0.07900677200902935,0.05568096313017306
06001400200,0.8787878787878788,0.09848484848484848,0.022727272727272728,0.0,0.0
06001400300,0.9636524822695035,0.025709219858156027,0.0035460992907801418,0.0017730496453900709,0.005319148936170213
06001400400,0.9471649484536082,0.03221649484536082,0.002577319587628866,0.015463917525773196,0.002577319587628866
06001400500,0.9784768211920529,0.014900662251655629,0.0,0.004966887417218543,0.0016556291390728477
06001400600,0.9665551839464883,0.026755852842809364,0.0033444816053511705,0.0,0.0033444816053511705
06001400700,0.9051383399209486,0.08300395256916997,0.0,0.00922266139657444,0.002635046113306983
06001400800,0.918200408997955,0.05521472392638037,0.002044989775051125,0.012269938650306749,0.012269938650306749
06001400900,0.9237875288683602,0.06235565819861432,0.004618937644341801,0.006928406466512702,0.0023094688221709007
06001401000,0.9275521405049396,0.04939626783754116,0.003293084522502744,0.012074643249176729,0.007683863885839737
06001401100,0.963855421686747,0.018072289156626505,0.006024096385542169,0.009036144578313253,0.0030120481927710845
06001401200,0.9685393258426966,0.015730337078651686,0.008988764044943821,0.006741573033707865,0.0
06001401300,0.6274509803921569,0.19607843137254902,0.0392156862745098,0.0,0.13725490196078433
06001401400,0.874251497005988,0.0748502994011976,0.011976047904191617,0.014970059880239521,0.023952095808383235
06001401500,0.9330985915492958,0.02464788732394366,0.017605633802816902,0.014084507042253521,0.01056338028169014
06001401600,0.8263157894736842,0.12631578947368421,0.010526315789473684,0.015789473684210527,0.021052631578947368
06001401700,0.49014084507042255,0.37183098591549296,0.011267605633802818,0.09014084507042254,0.036619718309859155
06001401800,0.8,0.10270270270270271,0.02702702702702703,0.03783783783783784,0.032432432432432434
06001402200,0.7966804979253111,0.14107883817427386,0.016597510373443983,0.024896265560165973,0.02074688796680498
06001402400,0.6704545454545454,0.23863636363636365,0.05113636363636364,0.022727272727272728,0.017045454545454544
06001402500,0.18,0.78,0.02,0.0,0.02
06001402600,0.5909090909090909,0.045454545454545456,0.13636363636363635,0.0,0.22727272727272727
06001402700,0.6538461538461539,0.2230769230769231,0.03076923076923077,0.06923076923076923,0.023076923076923078
06001402800,0.5,0.0,0.0,0.0,0.5
06001402900,0.0,0.0,0.0,0.0,1.0
06001403000,0.3333333333333333,0.3333333333333333,0.16666666666666666,0.0,0.16666666666666666
06001403100,0.4,0.2,0.0,0.0,0.4
06001403300,0.8571428571428571,0.061224489795918366,0.02040816326530612,0.02040816326530612,0.04081632653061224
06001403400,0.2,0.2,0.0,0.0,0.6
06001403501,0.9230769230769231,0.04142011834319527,0.005917159763313609,0.0,0.029585798816568046
06001403502,0.9466666666666667,0.04,0.013333333333333334,0.0,0.0
06001403600,0.7555555555555555,0.17777777777777778,0.06666666666666667,0.0,0.0
06001403701,0.625,0.375,0.0,0.0,0.0
06001403702,0.72,0.24,0.04,0.0,0.0
06001403800,0.9246323529411765,0.0661764705882353,0.009191176470588236,0.0,0.0
06001403900,0.89171974522293,0.0732484076433121,0.012738853503184714,0.01910828025477707,0.0031847133757961785
06001404000,0.8404255319148937,0.14893617021276595,0.005319148936170213,0.005319148936170213,0.0
06001404101,0.9388646288209607,0.026200873362445413,0.004366812227074236,0.004366812227074236,0.026200873362445413
06001404102,0.9819819819819819,0.018018018018018018,0.0,0.0,0.0
06001404200,0.5234042553191489,0.2451063829787234,0.20170212765957446,0.015319148936170212,0.01446808510638298
06001404300,0.4212328767123288,0.14897260273972604,0.3373287671232877,0.059931506849315065,0.032534246575342464
06001404400,0.35426731078904994,0.2082662372517445,0.35050993022007515,0.04938271604938271,0.03757380568974772
06001404501,0.38724727838258166,0.4385692068429238,0.13996889580093314,0.01866251944012442,0.015552099533437015
06001404502,0.3118466898954704,0.5104529616724739,0.1437282229965157,0.014372822299651568,0.0195993031358885
06001404600,0.25485841199333703,0.5535813436979455,0.17434758467518047,0.009439200444197668,0.007773459189339256
06001404700,0.6208651399491094,0.3104325699745547,0.05979643765903308,0.006361323155216285,0.002544529262086514
06001404800,0.8853820598006644,0.09634551495016612,0.009966777408637873,0.0,0.008305647840531562
06001404900,0.9778565101860053,0.01948627103631532,0.001771479185119575,0.0,0.0008857395925597874
06001405000,0.9222972972972973,0.059684684684684686,0.015765765765765764,0.0,0.0022522522522522522
06001405100,0.7874920229738354,0.17358008934269303,0.037013401403956606,0.0006381620931716656,0.0012763241863433313
06001405200,0.9031719532554258,0.08013355592654424,0.015025041736227046,0.0,0.001669449081803005
06001405301,0.984375,0.015625,0.0,0.0,0.0
06001405302,0.875,0.05,0.05,0.0,0.025
06001405401,0.9617834394904459,0.03821656050955414,0.0,0.0,0.0
06001405402,0.8740740740740741,0.06666666666666667,0.037037037037037035,0.0,0.022222222222222223
06001405500,0.948051948051948,0.03571428571428571,0.00974025974025974,0.003246753246753247,0.003246753246753247
06001405600,0.9658385093167702,0.027950310559006212,0.006211180124223602,0.0,0.0
06001405700,0.9742388758782201,0.02107728337236534,0.00468384074941452,0.0,0.0
06001405800,0.9587073608617595,0.03052064631956912,0.005385996409335727,0.0017953321364452424,0.003590664272890485
06001405901,0.937888198757764,0.037267080745341616,0.012422360248447204,0.0,0.012422360248447204
06001405902,0.9254658385093167,0.049689440993788817,0.018633540372670808,0.0,0.006211180124223602
06001406000,0.811965811965812,0.1111111111111111,0.017094017094017096,0.02564102564102564,0.03418803418803419
06001406100,0.8228571428571428,0.16,0.005714285714285714,0.0,0.011428571428571429
06001406201,0.9546827794561934,0.030211480362537766,0.00906344410876133,0.0030211480362537764,0.0030211480362537764
06001406202,0.9276595744680851,0.0425531914893617,0.00851063829787234,0.0,0.02127659574468085
06001406300,0.900749063670412,0.07116104868913857,0.018726591760299626,0.0056179775280898875,0.003745318352059925
06001406400,0.9776674937965261,0.01488833746898263,0.007444168734491315,0.0,0.0
06001406500,0.9761570827489481,0.015427769985974754,0.0070126227208976155,0.0,0.001402524544179523
06001406601,0.9770580296896086,0.01349527665317139,0.005398110661268556,0.002699055330634278,0.001349527665317139
06001406602,0.9636363636363636,0.025454545454545455,0.0036363636363636364,0.0,0.007272727272727273
06001406700,0.8157736303431667,0.1493076459963877,0.031306441902468396,0.0012040939193257074,0.002408187838651415
06001406800,0.8283858998144712,0.1391465677179963,0.027829313543599257,0.0027829313543599257,0.0018552875695732839
06001406900,0.8189944134078212,0.15754189944134078,0.02011173184357542,0.0011173184357541898,0.0022346368715083797
06001407000,0.9744376278118609,0.019427402862985686,0.006134969325153374,0.0,0.0
06001407101,0.9544235924932976,0.02680965147453083,0.00804289544235925,0.005361930294906166,0.005361930294906166
06001407102,0.9928656361474435,0.0047562425683709865,0.0023781212841854932,0.0,0.0
06001407200,0.9542961608775137,0.029250457038391225,0.010968921389396709,0.0018281535648994515,0.003656307129798903
06001407300,0.9692307692307692,0.012307692307692308,0.018461538461538463,0.0,0.0
06001407400,0.9689578713968958,0.026607538802660754,0.0022172949002217295,0.0,0.0022172949002217295
06001407500,0.9723991507430998,0.012738853503184714,0.012738853503184714,0.0,0.0021231422505307855
06001407600,0.9715808170515098,0.02575488454706927,0.0,0.0008880994671403197,0.0017761989342806395
06001407700,0.9871712636305324,0.010904425914047467,0.001924310455420141,0.0,0.0
06001407800,0.8703703703703703,0.10942760942760943,0.015151515151515152,0.0016835016835016834,0.003367003367003367
06001407900,0.7689873417721519,0.20464135021097046,0.02109704641350211,0.0010548523206751054,0.004219409282700422
06001408000,0.09743589743589744,0.7076923076923077,0.16307692307692306,0.015384615384615385,0.01641025641025641
06001408100,0.08280254777070063,0.5414012738853503,0.27388535031847133,0.02253797158255757,0.07937285644292014
06001408200,0.8490967056323061,0.12964930924548354,0.01700318809776833,0.0010626992561105207,0.003188097768331562
06001408300,0.8174273858921162,0.1479944674965422,0.027662517289073305,0.0013831258644536654,0.005532503457814661
06001408400,0.9812332439678284,0.014745308310991957,0.0013404825737265416,0.002680965147453083,0.0
06001408500,0.9533980582524272,0.04563106796116505,0.000970873786407767,0.0,0.0
06001408600,0.9818331957060281,0.016515276630883566,0.0,0.0,0.0016515276630883566
06001408700,0.9710860366713682,0.018335684062059238,0.004231311706629055,0.0014104372355430183,0.004936530324400564
06001408800,0.9578651685393258,0.0351123595505618,0.0,0.007022471910112359,0.0
06001408900,0.9170305676855895,0.07641921397379912,0.002183406113537118,0.004366812227074236,0.0
06001409000,0.9311551925320887,0.044340723453908985,0.007001166861143524,0.015169194865810968,0.002333722287047841
06001409100,0.9444444444444444,0.04513888888888889,0.010416666666666666,0.0,0.0
06001409200,0.8064066852367688,0.19080779944289694,0.0,0.002785515320334262,0.0
06001409300,0.9227053140096618,0.06642512077294686,0.0012077294685990338,0.004830917874396135,0.004830917874396135
06001409400,0.7205128205128205,0.2230769230769231,0.0038461538461538464,0.052564102564102565,0.0
06001409500,0.8657587548638133,0.08171206225680934,0.005836575875486381,0.04669260700389105,0.0
06001409600,0.969097651421508,0.02843016069221261,0.0012360939431396785,0.0012360939431396785,0.0
06001409700,0.8615179760319573,0.13315579227696406,0.005326231691078562,0.0,0.0
06001409800,0.6340150699677072,0.3240043057050592,0.02691065662002153,0.002152852529601722,0.012917115177610334
06001409900,0.13801079414032383,0.7555898226676947,0.09714726291441789,0.006168080185042405,0.0030840400925212026
06001410000,0.3357079252003562,0.5512021371326803,0.09617097061442564,0.01068566340160285,0.006233303650934996
06001410100,0.7789904502046384,0.20054570259208732,0.01227830832196453,0.005457025920873124,0.002728512960436562
06001410200,0.8668515950069348,0.1262135922330097,0.005547850208044383,0.0,0.0013869625520110957
06001410300,0.9382239382239382,0.05791505791505792,0.0019305019305019305,0.0,0.0019305019305019305
06001410400,0.8985042735042735,0.08012820512820513,0.019230769230769232,0.0,0.002136752136752137
06001410500,0.625,0.23076923076923078,0.04807692307692308,0.057692307692307696,0.038461538461538464
06001420100,0.9641485275288092,0.03585147247119078,0.0,0.0,0.0
06001420200,0.9408602150537635,0.04838709677419355,0.0017921146953405018,0.005376344086021506,0.0035842293906810036
06001420300,0.7691154422788605,0.1679160419790105,0.053973013493253376,0.0029985007496251873,0.005997001499250375
06001420500,0.9568221070811744,0.02936096718480138,0.0051813471502590676,0.0034542314335060447,0.0051813471502590676
06001420600,0.9471830985915493,0.04401408450704225,0.007922535211267605,0.0,0.0008802816901408451
06001421100,0.6972255729794934,0.25331724969843183,0.04101326899879373,0.0036188178528347406,0.0048250904704463205
06001421200,0.7376373626373627,0.2032967032967033,0.054945054945054944,0.0020604395604395605,0.0020604395604395605
06001421300,0.9556135770234987,0.04046997389033943,0.0026109660574412533,0.0,0.0013054830287206266
06001421400,0.8603448275862069,0.11379310344827587,0.02586206896551724,0.0,0.0
06001421500,0.5632823365785814,0.34492350486787204,0.07927677329624479,0.006954102920723227,0.005563282336578581
06001421600,0.5011746280344558,0.3837118245888802,0.08927173061863743,0.010180109631949883,0.015661707126076743
06001421700,0.9593023255813954,0.0377906976744186,0.0029069767441860465,0.0,0.0
06001421800,0.9773095623987034,0.02106969205834684,0.0016207455429497568,0.0,0.0
06001421900,0.9526462395543176,0.04178272980501393,0.0018570102135561746,0.0009285051067780873,0.002785515320334262
06001422000,0.896774193548387,0.05806451612903226,0.012903225806451613,0.0,0.03225806451612903
06001422100,0.940677966101695,0.04025423728813559,0.00423728813559322,0.006355932203389831,0.00847457627118644
06001422200,0.9620253164556962,0.028481012658227847,0.00949367088607595,0.0,0.0
06001422300,0.9736842105263158,0.016194331983805668,0.006072874493927126,0.0,0.004048582995951417
06001422400,0.8738738738738738,0.07207207207207207,0.009009009009009009,0.0,0.04504504504504504
06001422500,0.6917808219178082,0.2191780821917808,0.08904109589041095,0.0,0.0
06001422600,0.2857142857142857,0.5714285714285714,0.14285714285714285,0.0,0.0
06001422700,0.6122448979591837,0.21428571428571427,0.14285714285714285,0.02040816326530612,0.01020408163265306
06001422800,0.48,0.36,0.08,0.0,0.08
06001422900,0.5769230769230769,0.11538461538461539,0.038461538461538464,0.038461538461538464,0.23076923076923078
06001423000,0.978328173374613,0.01238390092879257,0.006191950464396285,0.0,0.0030959752321981426
06001423100,0.9706666666666667,0.024,0.0013333333333333333,0.0013333333333333333,0.0026666666666666666
06001423200,0.9464285714285714,0.04285714285714286,0.0,0.007142857142857143,0.0035714285714285713
06001423300,0.9655555555555555,0.03,0.0011111111111111111,0.0,0.0033333333333333335
06001423400,0.961864406779661,0.026836158192090395,0.005649717514124294,0.0,0.005649717514124294
06001423500,0.956081081081081,0.030405405405405407,0.0033783783783783786,0.0033783783783783786,0.006756756756756757
06001423601,0.8923076923076924,0.08307692307692308,0.024615384615384615,0.0,0.0
06001423602,0.8834355828220859,0.06134969325153374,0.04294478527607362,0.006134969325153374,0.006134969325153374
06001423700,0.6223776223776224,0.23543123543123542,0.13053613053613053,0.009324009324009324,0.002331002331002331
06001423800,0.6275933609958506,0.21473029045643152,0.13692946058091288,0.01037344398340249,0.01037344398340249
06001423901,0.9705882352941176,0.014705882352941176,0.014705882352941176,0.0,0.0
06001423902,0.9563106796116505,0.02912621359223301,0.014563106796116505,0.0,0.0
06001424001,0.9630872483221476,0.02348993288590604,0.010067114093959731,0.0,0.003355704697986577
06001424002,0.9635416666666666,0.03125,0.0026041666666666665,0.0,0.0026041666666666665
06001425102,,,,,
06001425103,0.851063829787234,0.09574468085106383,0.010638297872340425,0.02127659574468085,0.02127659574468085
06001425104,0.7697841726618705,0.18705035971223022,0.007194244604316547,0.007194244604316547,0.02877697841726619
06001426100,0.37402118839244586,0.3413173652694611,0.2478120681713496,0.022109626900046062,0.014739751266697375
06001426200,0.8084436042848141,0.1518588531821046,0.036546943919344675,0.002520478890989288,0.000630119722747322
06001427100,0.9294532627865961,0.06084656084656084,0.007936507936507936,0.0,0.001763668430335097
06001427200,0.9453125,0.05078125,0.00390625,0.0,0.0
06001427300,0.5910543130990416,0.14376996805111822,0.134185303514377,0.007987220447284345,0.12300319488817892
06001427600,0.4731182795698925,0.510752688172043,0.016129032258064516,0.0,0.0
06001427700,0.9292307692307692,0.05384615384615385,0.013846153846153847,0.003076923076923077,0.0
06001428000,0.9272727272727272,0.03636363636363636,0.03636363636363636,0.0,0.0
06001428100,0.8313953488372093,0.1375968992248062,0.030038759689922482,0.0,0.0009689922480620155
06001428200,0.7204968944099379,0.24499654934437542,0.031746031746031744,0.0006901311249137336,0.002070393374741201
06001428301,0.06343283582089553,0.8934494195688225,0.042703150912106136,0.00041459369817578774,0.0
06001428302,0.0008837825894829872,0.4401237295625276,0.5497127706584181,0.006628369421122404,0.0026513477684489617
06001428400,0.9784172661870504,0.014388489208633094,0.007194244604316547,0.0,0.0
06001428700,0.0,0.10051107325383304,0.7427597955706985,0.0,0.1567291311754685
06001430101,0.016408386508659983,0.4402917046490428,0.5209662716499545,0.009115770282588878,0.013217866909753875
06001430102,0.007509386733416771,0.8848560700876095,0.10638297872340426,0.0012515644555694619,0.0
06001430200,0.15591836734693879,0.5612244897959183,0.2746938775510204,0.004897959183673469,0.0032653061224489797
06001430300,0.20409711684370258,0.6312594840667678,0.13277693474962063,0.009104704097116844,0.02276176024279211
06001430400,0.035479632063074903,0.8646517739816032,0.09067017082785808,0.006570302233902759,0.002628120893561104
06001430500,0.49022556390977445,0.44360902255639095,0.06015037593984962,0.0030075187969924814,0.0030075187969924814
06001430600,0.16058394160583941,0.6908237747653806,0.14129301355578727,0.0031282586027111575,0.004171011470281543
06001430700,0.3837118245888802,0.5137039937353172,0.09631949882537197,0.0015661707126076742,0.004698512137823023
06001430800,0.371900826446281,0.5734265734265734,0.034329307056579786,0.003814367450731087,0.01652892561983471
06001430900,0.4864864864864865,0.46546546546546547,0.02702702702702703,0.021021021021021023,0.0
06001431000,0.5994550408719346,0.3760217983651226,0.010899182561307902,0.005449591280653951,0.008174386920980926
06001431100,0.5846702317290553,0.40998217468805703,0.0017825311942959,0.0,0.0035650623885918
06001431200,0.7400881057268722,0.24140969162995596,0.012334801762114538,0.004405286343612335,0.001762114537444934
06001432100,0.9197019867549668,0.07533112582781457,0.0033112582781456954,0.0008278145695364238,0.0008278145695364238
06001432200,0.9112149532710281,0.07827102803738317,0.007009345794392523,0.002336448598130841,0.0011682242990654205
06001432300,0.694078947368421,0.18421052631578946,0.12171052631578948,0.0,0.0
06001432400,0.7389162561576355,0.22857142857142856,0.027586206896551724,0.003940886699507389,0.0009852216748768472
06001432501,0.5647058823529412,0.42254901960784313,0.011764705882352941,0.0,0.000980392156862745
06001432502,0.7396449704142012,0.21203155818540434,0.047337278106508875,0.0009861932938856016,0.0
06001432600,0.836890243902439,0.1402439024390244,0.010670731707317074,0.004573170731707317,0.007621951219512195
06001432700,0.8349753694581281,0.15517241379310345,0.008620689655172414,0.0012315270935960591,0.0
06001432800,0.21635687732342007,0.6520446096654275,0.12342007434944238,0.0044609665427509295,0.0037174721189591076
06001433000,0.796420581655481,0.203579418344519,0.0,0.0,0.0
06001433102,0.6399572649572649,0.266025641025641,0.09401709401709402,0.0,0.0
06001433103,0.7052980132450332,0.28807947019867547,0.0033112582781456954,0.0033112582781456954,0.0
06001433104,0.4296675191815857,0.5575447570332481,0.005115089514066497,0.0025575447570332483,0.005115089514066497
06001433200,0.006299212598425197,0.9598425196850394,0.01968503937007874,0.014173228346456693,0.0
06001433300,0.14830710538865044,0.8421554601812112,0.009537434430138292,0.0,0.0
06001433400,0.0007968127490039841,0.5187250996015936,0.48047808764940236,0.0,0.0
06001433500,0.0748502994011976,0.9214071856287425,0.0037425149700598802,0.0,0.0
06001433600,0.5203716940671909,0.47176554681915656,0.007147962830593281,0.0007147962830593281,0.0
06001433700,0.7559726962457338,0.24232081911262798,0.0,0.0017064846416382253,0.0
06001433800,0.5574589578872234,0.430406852248394,0.0021413276231263384,0.007851534618129907,0.0021413276231263384
06001433900,0.6910569105691057,0.27100271002710025,0.02710027100271003,0.0027100271002710027,0.008130081300813009
06001434000,0.756468797564688,0.2237442922374429,0.0121765601217656,0.0015220700152207,0.0060882800608828
06001435102,0.10796915167095116,0.38303341902313626,0.4652956298200514,0.017994858611825194,0.02570694087403599
06001435103,0.003544528134692069,0.2769162605228179,0.5108551174124945,0.018165706690296855,0.19051838723969872
06001435104,0.05201342281879195,0.3540268456375839,0.15268456375838926,0.11577181208053691,0.32550335570469796
06001435200,0.15867158671586715,0.6701107011070111,0.14686346863468636,0.004428044280442804,0.01992619926199262
06001435300,0.5505913272010512,0.3219448094612352,0.09724047306176084,0.006570302233902759,0.023653088042049936
06001435400,0.700228832951945,0.2745995423340961,0.018306636155606407,0.002288329519450801,0.004576659038901602
06001435500,0.8305400372439479,0.1378026070763501,0.024208566108007448,0.00186219739292365,0.00558659217877095
06001435601,0.7648456057007126,0.19477434679334918,0.030878859857482184,0.0023752969121140144,0.007125890736342043
06001435602,0.7044334975369458,0.22167487684729065,0.060755336617405585,0.009852216748768473,0.003284072249589491
06001435700,0.32536764705882354,0.6737132352941176,0.0009191176470588235,0.0,0.0
06001435800,0.9110546378653113,0.08449809402795426,0.0044472681067344345,0.0,0.0
06001435900,0.02144133412745682,0.9767718880285885,0.001786777843954735,0.0,0.0
06001436000,0.2560553633217993,0.740484429065744,0.0034602076124567475,0.0,0.0
06001436100,0.5415713196033562,0.45537757437070936,0.0015255530129672007,0.0,0.0015255530129672007
06001436200,0.0,0.0,0.0,0.0,1.0
06001436300,0.5124593716143012,0.3315276273022752,0.02925243770314193,0.10617551462621885,0.020585048754062838
06001436401,0.286027397260274,0.5145205479452055,0.14136986301369864,0.020273972602739727,0.03780821917808219
06001436402,0.04595588235294118,0.7288602941176471,0.17003676470588236,0.021139705882352942,0.03400735294117647
06001436500,0.4796747967479675,0.4369918699186992,0.04878048780487805,0.0020325203252032522,0.032520325203252036
06001436601,0.6632996632996633,0.33557800224466894,0.001122334455667789,0.0,0.0
06001436602,0.3278008298755187,0.29045643153526973,0.12240663900414937,0.15560165975103735,0.1037344398340249
06001436700,0.5542521994134897,0.34457478005865105,0.013196480938416423,0.08797653958944282,0.0
06001436800,0.008090614886731391,0.988673139158576,0.003236245954692557,0.0,0.0
06001436900,0.31910569105691056,0.6697154471544715,0.01016260162601626,0.0,0.0010162601626016261
06001437000,0.06682577565632458,0.931980906921241,0.0011933174224343676,0.0,0.0
06001437101,0.03771551724137931,0.5711206896551724,0.2952586206896552,0.02586206896551724,0.07004310344827586
06001437102,0.14799588900308325,0.8458376156217883,0.003083247687564234,0.0010277492291880781,0.0020554984583761563
06001437200,0.04386484884410195,0.6069946650859513,0.15945465323058683,0.13515115589804386,0.054534676941315946
06001437300,0.0016129032258064516,0.9887096774193549,0.008064516129032258,0.0,0.0016129032258064516
06001437400,0.007345225603357817,0.9916054564533053,0.0,0.001049317943336831,0.0
06001437500,0.025906735751295335,0.8393782383419689,0.03367875647668394,0.09844559585492228,0.0025906735751295338
06001437600,0.01896551724137931,0.9775862068965517,0.0034482758620689655,0.0,0.0
06001437701,0.5124378109452736,0.4577114427860697,0.0,0.009950248756218905,0.01990049751243781
06001437702,0.45614035087719296,0.49122807017543857,0.017543859649122806,0.0,0.03508771929824561
06001437800,0.22764900662251655,0.679635761589404,0.09271523178807947,0.0,0.0
06001437900,0.7712765957446809,0.22606382978723405,0.0,0.0,0.0026595744680851063
06001438000,0.007380073800738007,0.9446494464944649,0.046740467404674045,0.0012300123001230013,0.0
06001438100,0.096723044397463,0.7225158562367865,0.18023255813953487,0.0,0.0005285412262156448
06001438201,0.5328282828282829,0.4621212121212121,0.003787878787878788,0.0,0.0012626262626262627
06001438203,0.06352941176470588,0.7411764705882353,0.19294117647058823,0.001176470588235294,0.001176470588235294
06001438204,0.05939524838012959,0.765658747300216,0.14254859611231102,0.0032397408207343412,0.029157667386609073
06001438300,0.1883745963401507,0.8030139935414424,0.007534983853606028,0.0,0.001076426264800861
06001438400,0.037243947858473,0.9608938547486033,0.0,0.00186219739292365,0.0
06001440100,0.01845018450184502,0.8929889298892989,0.07749077490774908,0.01107011070110701,0.0
06001440200,0.47848360655737704,0.44672131147540983,0.06352459016393443,0.0030737704918032786,0.00819672131147541
06001440301,0.016272189349112426,0.7877218934911243,0.19230769230769232,0.0,0.0036982248520710057
06001440304,0.07251264755480608,0.8524451939291737,0.0387858347386172,0.0,0.03625632377740304
06001440305,0.0,0.9912959381044487,0.008704061895551257,0.0,0.0
06001440306,0.06171548117154812,0.9309623430962343,0.0,0.007322175732217573,0.0
06001440307,0.008403361344537815,0.7327731092436974,0.1495798319327731,0.08739495798319327,0.021848739495798318
06001440308,0.009786476868327402,0.8603202846975089,0.12722419928825623,0.0008896797153024911,0.0017793594306049821
06001440331,0.1834862385321101,0.43853211009174314,0.3761467889908257,0.0,0.001834862385321101
06001440332,0.0,0.1001150747986191,0.8998849252013809,0.0,0.0
06001440333,0.0,0.3937677053824363,0.6048158640226629,0.00141643059490085,0.0
06001440334,0.013120899718837863,0.9775070290534208,0.008434864104967198,0.0,0.0009372071227741331
06001440335,0.0027649769585253456,0.43870967741935485,0.5585253456221199,0.0,0.0
06001440336,0.01756587202007528,0.972396486825596,0.010037641154328732,0.0,0.0
06001441100,0.14076484947111473,0.5866558177379984,0.25874694873881204,0.0040683482506102524,0.009764035801464606
06001441200,0.18953909891248058,0.643190056965303,0.1579492490937338,0.004660797514241326,0.004660797514241326
06001441301,0.0,0.44461538461538463,0.5553846153846154,0.0,0.0
06001441302,0.0032658393207054214,0.9523187459177008,0.037883736120182886,0.0013063357282821686,0.005225342913128674
06001441401,0.050026329647182725,0.8867825171142707,0.04634017904160084,0.015271195365982097,0.001579778830963665
06001441402,0.009953550099535502,0.6907763769077637,0.2641008626410086,0.017252820172528202,0.017916390179163903
06001441501,0.0,0.5945945945945946,0.403003003003003,0.0018018018018018018,0.0006006006006006006
06001441503,0.002795248078266946,0.5681341719077568,0.06289308176100629,0.031446540880503145,0.33473095737246683
06001441521,0.0,0.8117927337701013,0.15187611673615248,0.0023823704586063135,0.033948779035139966
06001441522,0.06979958534899793,0.7574291637871459,0.17208016586040084,0.000691085003455425,0.0
06001441523,0.0,0.998003992015968,0.001996007984031936,0.0,0.0
06001441524,0.0,0.7844925883694412,0.21550741163055873,0.0,0.0
06001441601,0.009206798866855524,0.9844192634560907,0.006373937677053824,0.0,0.0
06001441602,0.07645051194539249,0.9044368600682594,0.0061433447098976105,0.0034129692832764505,0.00955631399317406
06001441700,0.1967799642218247,0.6851520572450805,0.10196779964221825,0.0,0.016100178890876567
06001441800,0.0941983780411728,0.8134747348721147,0.08608858390517779,0.0056144728633811605,0.0006238303181534623
06001441921,0.36981757877280264,0.6019900497512438,0.014925373134328358,0.009950248756218905,0.003316749585406302
06001441923,0.22535211267605634,0.7605633802816901,0.0,0.0,0.014084507042253521
06001441924,0.040396881644223954,0.8674698795180723,0.04890148830616584,0.039688164422395464,0.003543586109142452
06001441925,0.07142857142857142,0.07142857142857142,0.0,0.8035714285714286,0.05357142857142857
06001441926,0.021929824561403508,0.9736842105263158,0.0,0.0,0.0043859649122807015
06001441927,0.0,1.0,0.0,0.0,0.0
06001442000,0.01079136690647482,0.4487410071942446,0.42356115107913667,0.024280575539568347,0.09262589928057553
06001442100,0.012797074954296161,0.8811700182815356,0.09384521633150518,0.002437538086532602,0.009750152346130409
06001442200,0.013193812556869881,0.8084622383985441,0.08735213830755233,0.010009099181073703,0.08098271155595996
06001442301,0.044420368364030335,0.8613217768147345,0.004333694474539545,0.08017334777898158,0.009750812567713976
06001442302,0.13602941176470587,0.46691176470588236,0.07352941176470588,0.20955882352941177,0.11397058823529412
06001442400,0.10105393676379418,0.8629882207067576,0.034097954122752634,0.0012399256044637321,0.0006199628022318661
06001442500,0.06924019607843138,0.9105392156862745,0.001838235294117647,0.0012254901960784314,0.01715686274509804
06001442601,0.004873294346978557,0.9678362573099415,0.024366471734892786,0.0,0.0029239766081871343
06001442602,0.030693069306930693,0.8722772277227723,0.09306930693069307,0.0009900990099009901,0.0029702970297029703
06001442700,0.0011098779134295228,0.9866814650388457,0.01220865704772475,0.0,0.0
06001442800,0.07379679144385026,0.9229946524064171,0.0032085561497326204,0.0,0.0
06001442900,0.0021208907741251328,0.9825026511134677,0.014846235418875928,0.0005302226935312832,0.0
06001443001,0.13487241798298907,0.8590522478736331,0.001215066828675577,0.0036452004860267314,0.001215066828675577
06001443002,0.04596888260254597,0.9243281471004243,0.018387553041018388,0.006364922206506365,0.0049504950495049506
06001443102,0.001959503592423253,0.4990202482037884,0.4271717831482691,0.03527106466361855,0.036577400391900716
06001443103,0.012214983713355049,0.17996742671009772,0.48452768729641693,0.13517915309446255,0.18811074918566775
06001443104,0.09690177982860909,0.5583388266315096,0.2643375082399473,0.017139090309822018,0.06328279499011207
06001443105,0.0020435967302452314,0.3024523160762943,0.6260217983651226,0.022479564032697547,0.04700272479564033
06001443200,0.0008424599831508003,0.10530749789385004,0.6579612468407751,0.16343723673125526,0.07245155855096883
06001443301,0.01979414093428345,0.7220902612826603,0.2367379255740301,0.000791765637371338,0.02058590657165479
06001443321,0.0,1.0,0.0,0.0,0.0
06001443322,0.011995637949836423,0.9236641221374046,0.026172300981461286,0.006543075245365322,0.03162486368593239
06001444100,0.009333899024183284,0.9151463725074247,0.03606279168434451,0.00975816716164616,0.029698769622401356
06001444200,0.017613636363636363,0.9579545454545455,0.023863636363636365,0.0,0.0005681818181818182
06001444301,0.0021482277121374865,0.8818474758324383,0.11600429645542427,0.0,0.0
06001444302,0.09541745134965474,0.33019460138104206,0.05775266792215945,0.11424984306340238,0.40238543628374135
06001444400,0.4194214876033058,0.5764462809917356,0.0010330578512396695,0.002066115702479339,0.0010330578512396695
06001444500,0.1171806167400881,0.7533039647577092,0.12863436123348018,0.000881057268722467,0.0
06001444601,0.00805523590333717,0.7871116225546605,0.02991944764096663,0.0903337169159954,0.08457997698504027
06001444602,0.0,0.6632302405498282,0.006013745704467354,0.0,0.33075601374570446
06001450101,0.0,0.30201342281879195,0.6946308724832215,0.0,0.003355704697986577
06001450102,0.0,0.21065182829888712,0.465818759936407,0.003179650238473768,0.3203497615262321
06001450200,0.0,0.24619289340101522,0.5634517766497462,0.0532994923857868,0.13705583756345177
06001450300,0.0,0.9978308026030369,0.0021691973969631237,0.0,0.0
06001450400,0.0068925904652498565,0.980470993681792,0.011487650775416428,0.0,0.0011487650775416428
06001450501,0.0,0.8184049079754602,0.18036809815950922,0.001226993865030675,0.0
06001450502,0.0,0.25630252100840334,0.5192076830732293,0.022809123649459785,0.20168067226890757
06001450601,0.1713520749665328,0.1606425702811245,0.3172690763052209,0.19009370816599733,0.1606425702811245
06001450602,0.0008084074373484236,0.6535974130962005,0.27324171382376716,0.04729183508488278,0.025060630557801132
06001450603,0.0,0.9751116783663051,0.0019144862795149968,0.0,0.02297383535417996
06001450604,0.001455604075691412,0.7976710334788938,0.20087336244541484,0.0,0.0
06001450605,0.014950166112956811,0.9609634551495017,0.02408637873754153,0.0,0.0
06001450606,0.01798941798941799,0.5476190476190477,0.4343915343915344,0.0,0.0
06001450607,0.20334928229665072,0.25717703349282295,0.3409090909090909,0.03110047846889952,0.1674641148325359
06001450701,0.005418924551896623,0.18049187161317215,0.4414339308045019,0.16090037515631514,0.21175489787411422
06001450741,0.07924203273040482,0.6623600344530577,0.16881998277347116,0.006029285099052541,0.08354866494401378
06001450742,0.0007993605115907274,0.7290167865707434,0.20623501199040767,0.03916866506794564,0.02478017585931255
06001450743,0.06390134529147982,0.852017937219731,0.08408071748878924,0.0,0.0
06001450744,0.006459948320413436,0.7777777777777778,0.2144702842377261,0.0012919896640826874,0.0
06001450745,0.000547945205479452,0.5090410958904109,0.3649315068493151,0.04547945205479452,0.08
06001450746,0.013195098963242224,0.9236569274269557,0.03864278982092366,0.012252591894439209,0.012252591894439209
06001450750,0.0,0.0030303030303030303,0.0,0.2636363636363636,0.7333333333333333
06001450751,0.0003527336860670194,0.03139329805996473,0.23985890652557318,0.06701940035273368,0.6613756613756614
06001450752,0.0,0.04579517069109076,0.32014987510407994,0.11823480432972523,0.515820149875104
06001451101,0.0017201834862385322,0.4724770642201835,0.2769495412844037,0.18520642201834864,0.06364678899082568
06001451102,0.0029542097488921715,0.36779911373707536,0.5273264401772526,0.08493353028064993,0.016986706056129987
06001451201,0.025148605395518976,0.7462277091906722,0.14540466392318244,0.039323273891175126,0.0438957475994513
06001451202,0.004105090311986864,0.8686371100164204,0.05172413793103448,0.05090311986863711,0.024630541871921183
06001451300,0.018090452261306532,0.8512562814070351,0.13015075376884422,0.0005025125628140704,0.0
06001451401,0.014511873350923483,0.600263852242744,0.38060686015831136,0.0013192612137203166,0.0032981530343007917
06001451403,0.02203856749311295,0.9393939393939394,0.03856749311294766,0.0,0.0
06001451404,0.2750352609308886,0.6770098730606487,0.00846262341325811,0.02538787023977433,0.014104372355430184
06001451501,0.04025256511444357,0.4711917916337806,0.40094711917916337,0.03946329913180742,0.04814522494080505
06001451503,0.057283142389525366,0.723404255319149,0.11947626841243862,0.05782869612656847,0.042007637752318604
06001451504,0.0,0.7235955056179775,0.27640449438202247,0.0,0.0
06001451505,0.0,0.6591500433651344,0.34084995663486556,0.0,0.0
06001451506,0.0017271157167530224,0.8860103626943006,0.11053540587219343,0.0,0.0017271157167530224
06001451601,0.1949820788530466,0.18494623655913978,0.4996415770609319,0.04372759856630824,0.07670250896057347
06001451602,0.13329275715155203,0.7577601947656726,0.09129640900791236,0.01278149726110773,0.004869141813755326
06001451701,0.0018165304268846503,0.9409627611262489,0.007266121707538601,0.011807447774750226,0.03814713896457766
06001451703,0.002362204724409449,0.6771653543307087,0.2937007874015748,0.014960629921259842,0.011811023622047244
06001451704,0.0014577259475218659,0.8440233236151603,0.13702623906705538,0.01749271137026239,0.0
06001982000,1.0,0.0,0.0,0.0,0.0
06001983200,0.5,0.0,0.5,0.0,0.0
06003010000,0.09691011235955056,0.5660112359550562,0.2752808988764045,0.046348314606741575,0.01544943820224719
06005000101,0.09768451519536903,0.7091172214182344,0.17438494934876989,0.013748191027496382,0.005065123010130246
06005000102,0.11153119092627599,0.7145557655954632,0.15595463137996218,0.011342155009451797,0.006616257088846881
06005000200,0.4156479217603912,0.3508557457212714,0.12224938875305623,0.018337408312958436,0.09290953545232274
06005000301,0.21875,0.765625,0.01171875,0.00390625,0.0
06005000303,0.16168800379326695,0.42484589853010907,0.12754860123281175,0.1853959222380275,0.10052157420578474
06005000304,0.042081101759755164,0.7941851568477429,0.1331293037490436,0.020657995409334353,0.009946442234123947
06005000401,0.30985915492957744,0.4301191765980498,0.18309859154929578,0.021668472372697724,0.0552546045503792
06005000402,0.12223206377325066,0.6483613817537643,0.21346324180690876,0.007971656333038087,0.007971656333038087
06005000500,0.2844155844155844,0.5038961038961038,0.11818181818181818,0.06103896103896104,0.032467532467532464
06007000102,0.04970513900589722,0.8483572030328559,0.05391743892165122,0.04717775905644482,0.0008424599831508003
06007000103,0.00954653937947494,0.5164677804295943,0.0945107398568019,0.27971360381861576,0.09976133651551312
06007000104,0.02410518626734843,0.9320672023374726,0.03871439006574142,0.004382761139517896,0.0007304601899196494
06007000201,0.09395973154362416,0.48322147651006714,0.12080536912751678,0.28859060402684567,0.013422818791946308
06007000202,0.12215320910973085,0.8633540372670807,0.012422360248447204,0.002070393374741201,0.0
06007000300,0.09288537549407115,0.883399209486166,0.009881422924901186,0.007905138339920948,0.005928853754940711
06007000401,0.002053388090349076,0.09548254620123203,0.21765913757700206,0.3347022587268994,0.35010266940451745
06007000402,0.022063595068137574,0.6560674886437379,0.29136924075275794,0.027903958468526932,0.0025957170668397143
06007000501,0.02531645569620253,0.4484629294755877,0.4050632911392405,0.08318264014466546,0.0379746835443038
06007000502,0.5258620689655172,0.3879310344827586,0.0603448275862069,0.008620689655172414,0.017241379310344827
06007000601,0.14358108108108109,0.71875,0.12331081081081081,0.014358108108108109,0.0
06007000603,0.7681451612903226,0.17540322580645162,0.04435483870967742,0.010080645161290322,0.0020161290322580645
06007000604,0.30405405405405406,0.5777027027027027,0.10810810810810811,0.0033783783783783786,0.006756756756756757
06007000700,0.6627358490566038,0.2979559748427673,0.0330188679245283,0.00550314465408805,0.0007861635220125787
06007000800,0.0683898761443188,0.8540656973613355,0.06785137318255251,0.0026925148088314485,0.007000538502961767
06007000901,0.002066115702479339,0.5867768595041323,0.1921487603305785,0.13946280991735538,0.07954545454545454
06007000903,0.008754863813229572,0.8891050583657587,0.04961089494163424,0.05252918287937743,0.0
06007000904,0.05514705882352941,0.5453431372549019,0.34558823529411764,0.0428921568627451,0.011029411764705883
06007001000,0.7862595419847328,0.16466739367502725,0.04143947655398037,0.0021810250817884407,0.0054525627044711015
06007001100,0.6444444444444445,0.29333333333333333,0.04,0.013333333333333334,0.008888888888888889
06007001200,0.7638483965014577,0.19387755102040816,0.027696793002915453,0.011661807580174927,0.0029154518950437317
06007001300,0.5895522388059702,0.31902985074626866,0.05223880597014925,0.033582089552238806,0.005597014925373134
06007001400,0.20689655172413793,0.7126436781609196,0.08045977011494253,0.0,0.0
06007001500,0.17819148936170212,0.4554521276595745,0.324468085106383,0.01928191489361702,0.022606382978723406
06007001600,0.13103778096604496,0.5002391200382592,0.25538020086083213,0.08273553323768532,0.030607364897178385
06007001702,0.04582577132486389,0.852087114337568,0.08575317604355717,0.016333938294010888,0.0
06007001703,0.034358047016274866,0.906871609403255,0.04430379746835443,0.014466546112115732,0.0
06007001704,0.20772442588726514,0.7202505219206681,0.05845511482254697,0.010438413361169102,0.003131524008350731
06007001800,0.296028880866426,0.5734055354993983,0.07220216606498195,0.049338146811071,0.009025270758122744
06007001900,0.1679721496953873,0.6570931244560487,0.12184508268059181,0.04264577893820714,0.010443864229765013
06007002000,0.24090407938257993,0.639470782800441,0.0711135611907387,0.04189636163175303,0.006615214994487321
06007002100,0.3033946251768034,0.5431400282885431,0.10466760961810467,0.03182461103253183,0.016973125884016973
06007002200,0.2462406015037594,0.5375939849624061,0.15789473684210525,0.040726817042606514,0.017543859649122806
06007002300,0.1702296120348377,0.5676959619952494,0.19714964370546317,0.04671417260490895,0.018210609659540775
06007002400,0.2402382528127068,0.6551952349437459,0.07279947054930509,0.028457974851091992,0.0033090668431502318
06007002500,0.1932367149758454,0.7632850241545893,0.037037037037037035,0.004830917874396135,0.001610305958132045
06007002601,0.16333725029377202,0.6427732079905993,0.1762632197414806,0.01410105757931845,0.0035252643948296123
06007002602,0.05487411233053583,0.7159457714654616,0.210458360232408,0.012911555842479019,0.005810200129115558
06007002700,0.34321550741163054,0.5877993158494869,0.05986316989737742,0.005131128848346636,0.003990877993158495
06007002800,0.8134228187919463,0.16644295302013423,0.013422818791946308,0.005369127516778523,0.0013422818791946308
06007002900,0.286231884057971,0.6570048309178744,0.01570048309178744,0.03985507246376811,0.0012077294685990338
06007003001,0.625866050808314,0.35912240184757505,0.008083140877598153,0.006928406466512702,0.0
06007003002,0.352112676056338,0.6398390342052314,0.002012072434607646,0.006036217303822937,0.0
