tract_geoid_2019,<100,100,101 - 199,200,>200
06001400100,0.005267118133935289,0.1309255079006772,0.28291948833709557,0.43416102332580886,0.14672686230248308
06001400200,0.013257575757575758,0.09848484848484848,0.07007575757575757,0.7992424242424242,0.01893939393939394
06001400300,0.012411347517730497,0.12677304964539007,0.10460992907801418,0.7455673758865248,0.010638297872340425
06001400400,0.00902061855670103,0.13530927835051546,0.09278350515463918,0.7512886597938144,0.011597938144329897
06001400500,0.018211920529801324,0.13079470198675497,0.10927152317880795,0.7317880794701986,0.009933774834437087
06001400600,0.013333333333333334,0.13,0.09333333333333334,0.75,0.013333333333333334
06001400700,0.00922266139657444,0.19235836627140976,0.09486166007905138,0.696969696969697,0.006587615283267457
06001400800,0.02857142857142857,0.1469387755102041,0.08571428571428572,0.7163265306122449,0.022448979591836733
06001400900,0.020785219399538105,0.16628175519630484,0.08545034642032333,0.7205542725173211,0.006928406466512702
06001401000,0.04610318331503842,0.14489571899012074,0.09330406147091108,0.7025246981339188,0.013172338090010977
06001401100,0.012012012012012012,0.13213213213213212,0.10810810810810811,0.7417417417417418,0.006006006006006006
06001401200,0.011235955056179775,0.14606741573033707,0.11685393258426967,0.7191011235955056,0.006741573033707865
06001401300,0.0196078431372549,0.2549019607843137,0.0196078431372549,0.5098039215686274,0.19607843137254902
06001401400,0.029940119760479042,0.18263473053892215,0.07784431137724551,0.6676646706586826,0.041916167664670656
06001401500,0.014084507042253521,0.13732394366197184,0.09507042253521127,0.7394366197183099,0.014084507042253521
06001401600,0.020942408376963352,0.193717277486911,0.07853403141361257,0.6858638743455497,0.020942408376963352
06001401700,0.011267605633802818,0.37746478873239436,0.08450704225352113,0.4732394366197183,0.05352112676056338
06001401800,0.010810810810810811,0.1945945945945946,0.08648648648648649,0.6594594594594595,0.04864864864864865
06001402200,0.012195121951219513,0.2032520325203252,0.1016260162601626,0.6463414634146342,0.036585365853658534
06001402400,0.011363636363636364,0.29545454545454547,0.17045454545454544,0.5,0.022727272727272728
06001402500,0.01,0.39,0.03,0.55,0.02
06001402600,0.0,0.09090909090909091,0.13636363636363635,0.5454545454545454,0.22727272727272727
06001402700,0.0,0.2900763358778626,0.07633587786259542,0.5877862595419847,0.04580152671755725
06001402800,0.0,0.058823529411764705,0.17647058823529413,0.29411764705882354,0.47058823529411764
06001402900,0.0,0.0,0.0,0.0,1.0
06001403000,0.0,0.16666666666666666,0.16666666666666666,0.5,0.16666666666666666
06001403100,0.0,0.2,0.0,0.2,0.6
06001403300,0.02040816326530612,0.10204081632653061,0.12244897959183673,0.7142857142857143,0.04081632653061224
06001403400,0.0,0.0,0.0,0.4,0.6
06001403501,0.005917159763313609,0.13609467455621302,0.10059171597633136,0.7218934911242604,0.03550295857988166
06001403502,0.0,0.14666666666666667,0.09333333333333334,0.7466666666666667,0.013333333333333334
06001403600,0.0,0.08888888888888889,0.05925925925925926,0.7925925925925926,0.05925925925925926
06001403701,0.0,0.0,0.125,0.875,0.0
06001403702,0.0,0.08,0.0,0.84,0.08
06001403800,0.012867647058823529,0.12683823529411764,0.08639705882352941,0.7665441176470589,0.007352941176470588
06001403900,0.012738853503184714,0.1178343949044586,0.08280254777070063,0.7707006369426752,0.01592356687898089
06001404000,0.010638297872340425,0.19680851063829788,0.11702127659574468,0.6542553191489362,0.02127659574468085
06001404101,0.013100436681222707,0.12663755458515283,0.1091703056768559,0.7205240174672489,0.03056768558951965
06001404102,0.018018018018018018,0.16216216216216217,0.12612612612612611,0.6936936936936937,0.0
06001404200,0.022127659574468085,0.10893617021276596,0.14212765957446807,0.6451063829787234,0.08170212765957446
06001404300,0.0136986301369863,0.0839041095890411,0.2054794520547945,0.5924657534246576,0.10445205479452055
06001404400,0.011272141706924315,0.11272141706924316,0.21739130434782608,0.5577026301663983,0.10091250670960816
06001404501,0.015552099533437015,0.104199066874028,0.06998444790046657,0.6967340590979783,0.11353032659409021
06001404502,0.01916376306620209,0.12020905923344948,0.10278745644599303,0.6437282229965157,0.11411149825783973
06001404600,0.009994447529150472,0.14269850083287064,0.09328151027207107,0.6451971127151582,0.10882842865074958
06001404700,0.019083969465648856,0.12849872773536897,0.08396946564885496,0.7201017811704835,0.04834605597964377
06001404800,0.018272425249169437,0.14451827242524917,0.08471760797342193,0.729235880398671,0.023255813953488372
06001404900,0.023914968999114262,0.14437555358724535,0.11160318866253321,0.7139061116031886,0.006200177147918512
06001405000,0.010123734533183352,0.12485939257592801,0.11023622047244094,0.7446569178852643,0.010123734533183352
06001405100,0.01021059349074665,0.09572431397574985,0.0797702616464582,0.7830248883216337,0.031269942565411615
06001405200,0.021702838063439065,0.13689482470784642,0.08180300500834725,0.7445742904841403,0.015025041736227046
06001405301,0.015625,0.140625,0.140625,0.703125,0.0
06001405302,0.0,0.1,0.15,0.7,0.05
06001405401,0.01910828025477707,0.20382165605095542,0.09554140127388536,0.6687898089171974,0.012738853503184714
06001405402,0.043478260869565216,0.14492753623188406,0.07971014492753623,0.6884057971014492,0.043478260869565216
06001405500,0.006472491909385114,0.16181229773462782,0.0970873786407767,0.7249190938511327,0.009708737864077669
06001405600,0.043478260869565216,0.13354037267080746,0.11490683229813664,0.6987577639751553,0.009316770186335404
06001405700,0.01405152224824356,0.11943793911007025,0.0936768149882904,0.7704918032786885,0.00234192037470726
06001405800,0.01615798922800718,0.14183123877917414,0.10053859964093358,0.7342908438061041,0.00718132854578097
06001405901,0.02476780185758514,0.14860681114551083,0.07739938080495357,0.7306501547987616,0.018575851393188854
06001405902,0.021739130434782608,0.13975155279503104,0.10869565217391304,0.717391304347826,0.012422360248447204
06001406000,0.00847457627118644,0.1864406779661017,0.11016949152542373,0.635593220338983,0.059322033898305086
06001406100,0.02,0.24285714285714285,0.1,0.6228571428571429,0.014285714285714285
06001406201,0.054380664652567974,0.14803625377643503,0.08459214501510574,0.6978851963746223,0.015105740181268883
06001406202,0.029787234042553193,0.11063829787234042,0.0851063829787234,0.7489361702127659,0.02553191489361702
06001406300,0.0149812734082397,0.15543071161048688,0.11797752808988764,0.7078651685393258,0.003745318352059925
06001406400,0.03722084367245657,0.12903225806451613,0.11910669975186104,0.7121588089330024,0.0024813895781637717
06001406500,0.033660589060308554,0.13464235624123422,0.11640953716690042,0.7124824684431977,0.002805049088359046
06001406601,0.03643724696356275,0.11740890688259109,0.10931174089068826,0.7354925775978407,0.001349527665317139
06001406602,0.025454545454545455,0.09090909090909091,0.10545454545454545,0.7636363636363637,0.014545454545454545
06001406700,0.02707581227436823,0.1299638989169675,0.10108303249097472,0.7208182912154031,0.0210589651022864
06001406800,0.022263450834879406,0.12337662337662338,0.10111317254174397,0.7300556586270872,0.023191094619666047
06001406900,0.042458100558659215,0.13631284916201117,0.0782122905027933,0.7206703910614525,0.0223463687150838
06001407000,0.013292433537832311,0.1329243353783231,0.08997955010224949,0.7617586912065439,0.002044989775051125
06001407101,0.029490616621983913,0.16353887399463807,0.10723860589812333,0.6943699731903485,0.005361930294906166
06001407102,0.02497027348394768,0.13912009512485138,0.09512485136741974,0.7384066587395958,0.0023781212841854932
06001407200,0.051188299817184646,0.14442413162705667,0.10237659963436929,0.6946983546617916,0.007312614259597806
06001407300,0.07692307692307693,0.16923076923076924,0.10153846153846154,0.6523076923076923,0.0
06001407400,0.07538802660753881,0.1197339246119734,0.09090909090909091,0.7095343680709535,0.004434589800443459
06001407500,0.08067940552016985,0.12738853503184713,0.09978768577494693,0.6857749469214437,0.006369426751592357
06001407600,0.03108348134991119,0.130550621669627,0.08880994671403197,0.7415630550621669,0.007992895204262877
06001407700,0.024374599101988453,0.12828736369467608,0.10519563822963438,0.7408595253367544,0.0012828736369467607
06001407800,0.058922558922558925,0.12794612794612795,0.09259259259259259,0.7037037037037037,0.016835016835016835
06001407900,0.029535864978902954,0.13185654008438819,0.08333333333333333,0.7120253164556962,0.043248945147679324
06001408000,0.005128205128205128,0.18461538461538463,0.10153846153846154,0.5733333333333334,0.13538461538461538
06001408100,0.006369426751592357,0.14943655071043607,0.11513963743263106,0.535031847133758,0.19402253797158256
06001408200,0.07537154989384288,0.15605095541401273,0.0870488322717622,0.6539278131634819,0.027600849256900213
06001408300,0.05463347164591978,0.14038727524204703,0.1016597510373444,0.6728907330567082,0.030428769017980636
06001408400,0.04155495978552279,0.1581769436997319,0.10455764075067024,0.6943699731903485,0.0013404825737265416
06001408500,0.06116504854368932,0.1669902912621359,0.1,0.6679611650485436,0.003883495145631068
06001408600,0.03633360858794385,0.13872832369942195,0.10817506193228736,0.7134599504541701,0.0033030553261767133
06001408700,0.03737658674188998,0.1389280677009873,0.10507757404795487,0.7129760225669958,0.005641748942172073
06001408800,0.1601123595505618,0.13764044943820225,0.07584269662921349,0.6235955056179775,0.0028089887640449437
06001408900,0.07641921397379912,0.20305676855895197,0.07860262008733625,0.631004366812227,0.010917030567685589
06001409000,0.2823803967327888,0.13302217036172695,0.08401400233372229,0.48191365227537925,0.01866977829638273
06001409100,0.1736111111111111,0.140625,0.08680555555555555,0.5902777777777778,0.008680555555555556
06001409200,0.16434540389972144,0.18802228412256267,0.06545961002785515,0.575208913649025,0.006963788300835654
06001409300,0.0893719806763285,0.1678743961352657,0.09178743961352658,0.6400966183574879,0.010869565217391304
06001409400,0.10256410256410256,0.2602564102564103,0.0641025641025641,0.5628205128205128,0.010256410256410256
06001409500,0.11478599221789883,0.16926070038910507,0.09727626459143969,0.5875486381322957,0.0311284046692607
06001409600,0.042027194066749075,0.1557478368355995,0.09641532756489493,0.7045735475896168,0.0012360939431396785
06001409700,0.03861517976031957,0.20639147802929428,0.09720372836218376,0.6498002663115846,0.007989347536617843
06001409800,0.05597416576964478,0.17868675995694294,0.09149623250807319,0.6081808396124866,0.06566200215285253
06001409900,0.013878180416345412,0.259059367771781,0.058596761757902856,0.5620663068619892,0.1063993831919815
06001410000,0.031166518254674976,0.22796081923419412,0.11041852181656278,0.5618878005342832,0.06856634016028496
06001410100,0.05593451568894952,0.2073669849931787,0.09004092769440655,0.6207366984993179,0.02592087312414734
06001410200,0.11511789181692095,0.20527045769764216,0.08183079056865465,0.5880721220527045,0.009708737864077669
06001410300,0.04633204633204633,0.16602316602316602,0.10231660231660232,0.6776061776061776,0.007722007722007722
06001410400,0.05448717948717949,0.16987179487179488,0.11965811965811966,0.6485042735042735,0.007478632478632479
06001410500,0.019230769230769232,0.17307692307692307,0.08653846153846154,0.6826923076923077,0.038461538461538464
06001420100,0.02560819462227913,0.1446862996158771,0.10627400768245839,0.7157490396927016,0.0076824583866837385
06001420200,0.04121863799283154,0.15232974910394265,0.12724014336917563,0.6666666666666666,0.012544802867383513
06001420300,0.038980509745127435,0.14842578710644677,0.10644677661169415,0.6731634182908546,0.03298350824587706
06001420500,0.046632124352331605,0.11917098445595854,0.08635578583765112,0.7392055267702936,0.008635578583765112
06001420600,0.016725352112676055,0.136443661971831,0.10827464788732394,0.733274647887324,0.00528169014084507
06001421100,0.030156815440289506,0.1411338962605549,0.07599517490952955,0.6767189384800965,0.07599517490952955
06001421200,0.017170329670329672,0.11126373626373626,0.09340659340659341,0.7163461538461539,0.061813186813186816
06001421300,0.011096605744125326,0.13903394255874674,0.10639686684073107,0.7310704960835509,0.012402088772845953
06001421400,0.015517241379310345,0.12413793103448276,0.11551724137931034,0.7103448275862069,0.034482758620689655
06001421500,0.016689847009735744,0.15299026425591097,0.09735744089012517,0.6446453407510431,0.08831710709318498
06001421600,0.01096319498825372,0.15426781519185592,0.09318715740015662,0.6272513703993735,0.11433046202036022
06001421700,0.011627906976744186,0.125,0.0872093023255814,0.7732558139534884,0.0029069767441860465
06001421800,0.014586709886547812,0.17017828200972449,0.09724473257698542,0.7115072933549432,0.006482982171799027
06001421900,0.04271123491179202,0.14391829155060354,0.10677808727948004,0.6954503249767874,0.011142061281337047
06001422000,0.012903225806451613,0.12258064516129032,0.10967741935483871,0.7096774193548387,0.04516129032258064
06001422100,0.07415254237288135,0.15254237288135594,0.09322033898305085,0.6694915254237288,0.01059322033898305
06001422200,0.058544303797468354,0.14715189873417722,0.11708860759493671,0.6724683544303798,0.004746835443037975
06001422300,0.018218623481781375,0.14777327935222673,0.12348178137651822,0.6983805668016194,0.012145748987854251
06001422400,0.018018018018018018,0.1891891891891892,0.04504504504504504,0.6846846846846847,0.06306306306306306
06001422500,0.02054794520547945,0.07534246575342465,0.07534246575342465,0.7602739726027398,0.0684931506849315
06001422600,0.2857142857142857,0.5714285714285714,0.14285714285714285,0.0,0.0
06001422700,0.01020408163265306,0.16326530612244897,0.07142857142857142,0.6428571428571429,0.11224489795918367
06001422800,0.0,0.12,0.0,0.68,0.2
06001422900,0.0,0.15384615384615385,0.0,0.5384615384615384,0.3076923076923077
06001423000,0.02476780185758514,0.1393188854489164,0.10061919504643962,0.7306501547987616,0.0046439628482972135
06001423100,0.02666666666666667,0.15333333333333332,0.09866666666666667,0.712,0.009333333333333334
06001423200,0.017793594306049824,0.17437722419928825,0.08896797153024912,0.708185053380783,0.010676156583629894
06001423300,0.03888888888888889,0.13666666666666666,0.12,0.6977777777777778,0.006666666666666667
06001423400,0.014124293785310734,0.1497175141242938,0.10028248587570622,0.7274011299435028,0.00847457627118644
06001423500,0.013513513513513514,0.0945945945945946,0.11148648648648649,0.7668918918918919,0.013513513513513514
06001423601,0.003076923076923077,0.11384615384615385,0.09230769230769231,0.7569230769230769,0.033846153846153845
06001423602,0.0,0.14634146341463414,0.10365853658536585,0.725609756097561,0.024390243902439025
06001423700,0.002331002331002331,0.07692307692307693,0.07692307692307693,0.7365967365967366,0.10722610722610723
06001423800,0.007261410788381743,0.09647302904564316,0.09439834024896265,0.7136929460580913,0.08817427385892117
06001423901,0.003676470588235294,0.11029411764705882,0.14338235294117646,0.7389705882352942,0.003676470588235294
06001423902,0.0048543689320388345,0.1407766990291262,0.0970873786407767,0.7524271844660194,0.0048543689320388345
06001424001,0.020134228187919462,0.11073825503355705,0.11073825503355705,0.7516778523489933,0.006711409395973154
06001424002,0.03125,0.140625,0.08854166666666667,0.734375,0.005208333333333333
06001425102,,,,,
06001425103,0.010638297872340425,0.2127659574468085,0.0851063829787234,0.6702127659574468,0.02127659574468085
06001425104,0.03597122302158273,0.2733812949640288,0.09352517985611511,0.5611510791366906,0.03597122302158273
06001426100,0.006448641179180101,0.09442653155228005,0.07415937356057116,0.6688162137263933,0.15614923998157532
06001426200,0.015113350125944584,0.1297229219143577,0.08753148614609572,0.72544080604534,0.04219143576826197
06001427100,0.04144620811287478,0.12698412698412698,0.09435626102292768,0.7239858906525574,0.013227513227513227
06001427200,0.019455252918287938,0.14396887159533073,0.11673151750972763,0.7120622568093385,0.007782101167315175
06001427300,0.012759170653907496,0.189792663476874,0.1722488038277512,0.4944178628389155,0.13078149920255183
06001427600,0.010752688172043012,0.41397849462365593,0.0967741935483871,0.46236559139784944,0.016129032258064516
06001427700,0.0445468509984639,0.1490015360983103,0.08448540706605223,0.7127496159754224,0.009216589861751152
06001428000,0.03571428571428571,0.14285714285714285,0.05357142857142857,0.75,0.017857142857142856
06001428100,0.035576923076923075,0.12788461538461537,0.10096153846153846,0.7086538461538462,0.026923076923076925
06001428200,0.038329911019849415,0.18138261464750172,0.09308692676249145,0.6557152635181382,0.03148528405201916
06001428301,0.008291873963515755,0.5082918739635157,0.037728026533996685,0.3490878938640133,0.09660033167495855
06001428302,0.003535130357931949,0.31551038444542645,0.37560760053026954,0.24701723376049492,0.058329650905877155
06001428400,0.014184397163120567,0.14184397163120568,0.10638297872340426,0.7375886524822695,0.0
06001428700,0.0034071550255536627,0.09880749574105621,0.6405451448040886,0.0919931856899489,0.16524701873935263
06001430101,0.0,0.27119416590701917,0.35551504102096626,0.2757520510483136,0.097538742023701
06001430102,0.0,0.30663329161451813,0.04755944931163955,0.47684605757196497,0.16896120150187735
06001430200,0.011020408163265306,0.12653061224489795,0.16448979591836735,0.5591836734693878,0.13877551020408163
06001430300,0.012898330804248861,0.09787556904400607,0.09180576631259484,0.6031866464339909,0.19423368740515934
06001430400,0.0,0.1392904073587385,0.04862023653088042,0.5978975032851511,0.21419185282522996
06001430500,0.06766917293233082,0.19699248120300752,0.10150375939849623,0.556390977443609,0.0774436090225564
06001430600,0.010948905109489052,0.1908237747653806,0.1032325338894682,0.5505735140771637,0.14442127215849843
06001430700,0.031323414252153486,0.1855912294440094,0.11119812059514488,0.5708692247454973,0.10101801096319499
06001430800,0.052129688493324854,0.25429116338207247,0.06738715829624921,0.5009535918626827,0.12523839796567068
06001430900,0.08108108108108109,0.2552552552552553,0.057057057057057055,0.5435435435435435,0.06306306306306306
06001431000,0.10899182561307902,0.14713896457765668,0.05722070844686648,0.6103542234332425,0.07629427792915532
06001431100,0.0570409982174688,0.19786096256684493,0.06060606060606061,0.6042780748663101,0.08021390374331551
06001431200,0.0881057268722467,0.16387665198237886,0.059030837004405284,0.6405286343612335,0.048458149779735685
06001432100,0.050496688741721855,0.14652317880794702,0.10264900662251655,0.6879139072847682,0.012417218543046357
06001432200,0.05023364485981308,0.12850467289719625,0.07476635514018691,0.7266355140186916,0.01985981308411215
06001432300,0.0805921052631579,0.24095394736842105,0.18585526315789475,0.484375,0.008223684210526315
06001432400,0.21379310344827587,0.17832512315270935,0.08078817733990148,0.4935960591133005,0.033497536945812804
06001432501,0.13823529411764707,0.2549019607843137,0.054901960784313725,0.4843137254901961,0.06764705882352941
06001432502,0.08382642998027613,0.25542406311637084,0.11439842209072978,0.5384615384615384,0.007889546351084813
06001432600,0.05015197568389058,0.22036474164133737,0.09574468085106383,0.6124620060790273,0.02127659574468085
06001432700,0.10933660933660934,0.16093366093366093,0.07493857493857493,0.6302211302211302,0.02457002457002457
06001432800,0.02379182156133829,0.26394052044609667,0.08847583643122676,0.5011152416356878,0.12267657992565056
06001433000,0.08202833706189411,0.1849366144668158,0.07829977628635347,0.6383296047725578,0.01640566741237882
06001433102,0.1014957264957265,0.24465811965811965,0.13782051282051283,0.49572649572649574,0.0202991452991453
06001433103,0.059602649006622516,0.20860927152317882,0.08609271523178808,0.6059602649006622,0.039735099337748346
06001433104,0.030690537084398978,0.5063938618925832,0.061381074168797956,0.36828644501278773,0.03324808184143223
06001433200,0.0,0.40078740157480314,0.02047244094488189,0.4377952755905512,0.14094488188976378
06001433300,0.032904148783977114,0.22126847877920838,0.019074868860276584,0.5526943252265141,0.17405817835002385
06001433400,0.0,0.22231075697211156,0.4207171314741036,0.27091633466135456,0.08605577689243028
06001433500,0.005988023952095809,0.20059880239520958,0.01122754491017964,0.5890718562874252,0.19311377245508982
06001433600,0.07005003573981415,0.23230879199428162,0.057898498927805575,0.559685489635454,0.08005718370264475
06001433700,0.10051107325383304,0.23679727427597955,0.0868824531516184,0.545144804088586,0.030664395229982964
06001433800,0.07137758743754462,0.2726623840114204,0.04568165596002855,0.5531763026409707,0.05710206995003569
06001433900,0.07317073170731707,0.3333333333333333,0.07046070460704607,0.4986449864498645,0.024390243902439025
06001434000,0.1095890410958904,0.2115677321156773,0.0715372907153729,0.5859969558599696,0.0213089802130898
06001435102,0.005998286203941731,0.1610968294772922,0.2939160239931448,0.4070265638389032,0.1319622964867181
06001435103,0.0,0.1329198050509526,0.3743907842268498,0.23260965883916704,0.26007975188303056
06001435104,0.003355704697986577,0.24664429530201343,0.14261744966442952,0.25,0.3573825503355705
06001435200,0.015475313190862197,0.33308769344141487,0.12527634487840825,0.40309506263817246,0.12306558585114223
06001435300,0.04993429697766097,0.202365308804205,0.1340341655716163,0.5387647831800263,0.07490144546649145
06001435400,0.03416856492027335,0.2824601366742597,0.08428246013667426,0.5694760820045558,0.029612756264236904
06001435500,0.1042830540037244,0.1750465549348231,0.0931098696461825,0.5996275605214153,0.027932960893854747
06001435601,0.0688836104513064,0.2042755344418052,0.0855106888361045,0.6009501187648456,0.040380047505938245
06001435602,0.060755336617405585,0.21674876847290642,0.09523809523809523,0.6026272577996716,0.024630541871921183
06001435700,0.04779411764705882,0.16084558823529413,0.025735294117647058,0.6213235294117647,0.14430147058823528
06001435800,0.15756035578144853,0.15501905972045743,0.09021601016518424,0.5902160101651842,0.00698856416772554
06001435900,0.008338296605122097,0.33412745681953543,0.004169148302561048,0.5157832042882668,0.1375818939845146
06001436000,0.032525951557093424,0.16470588235294117,0.022145328719723183,0.6145328719723183,0.16608996539792387
06001436100,0.09534706331045004,0.19908466819221968,0.04805491990846682,0.5751334858886347,0.08237986270022883
06001436200,0.0,0.0,0.0,0.0,1.0
06001436300,0.05308775731310943,0.3347778981581798,0.09209100758396534,0.48429035752979416,0.035752979414951244
06001436401,0.0410958904109589,0.25753424657534246,0.1473972602739726,0.4471232876712329,0.10684931506849316
06001436402,0.0009191176470588235,0.21966911764705882,0.08639705882352941,0.4954044117647059,0.19761029411764705
06001436500,0.044715447154471545,0.20934959349593496,0.08333333333333333,0.5487804878048781,0.11382113821138211
06001436601,0.08529741863075196,0.17845117845117844,0.05499438832772166,0.6285072951739619,0.052749719416386086
06001436602,0.04149377593360996,0.24896265560165975,0.13278008298755187,0.44398340248962653,0.13278008298755187
06001436700,0.07771260997067449,0.20087976539589442,0.07331378299120235,0.5967741935483871,0.051319648093841645
06001436800,0.0016181229773462784,0.3268608414239482,0.0016181229773462784,0.5145631067961165,0.1553398058252427
06001436900,0.044715447154471545,0.1951219512195122,0.047764227642276426,0.5823170731707317,0.13008130081300814
06001437000,0.0059665871121718375,0.35083532219570407,0.0059665871121718375,0.4821002386634845,0.15513126491646778
06001437101,0.009698275862068966,0.3550646551724138,0.2667025862068966,0.23275862068965517,0.13577586206896552
06001437102,0.10277492291880781,0.47173689619732784,0.007194244604316547,0.3175745118191161,0.10071942446043165
06001437200,0.00533175355450237,0.34893364928909953,0.12914691943127962,0.38566350710900477,0.13092417061611375
06001437300,0.0016129032258064516,0.36451612903225805,0.0032258064516129032,0.4532258064516129,0.1774193548387097
06001437400,0.001049317943336831,0.2025183630640084,0.0,0.5855194123819517,0.21091290661070305
06001437500,0.0025906735751295338,0.25906735751295334,0.03367875647668394,0.5440414507772021,0.16062176165803108
06001437600,0.006896551724137931,0.24655172413793103,0.005172413793103448,0.5689655172413793,0.1724137931034483
06001437701,0.12437810945273632,0.24875621890547264,0.04975124378109453,0.4975124378109453,0.07960199004975124
06001437702,0.07017543859649122,0.3684210526315789,0.017543859649122806,0.47368421052631576,0.07017543859649122
06001437800,0.03228476821192053,0.29221854304635764,0.09602649006622517,0.48013245033112584,0.09933774834437085
06001437900,0.13031914893617022,0.21010638297872342,0.05851063829787234,0.5664893617021277,0.034574468085106384
06001438000,0.0,0.22140221402214022,0.03936039360393604,0.5658056580565806,0.17343173431734318
06001438100,0.013213530655391121,0.17864693446088795,0.17864693446088795,0.48520084566596194,0.14429175475687103
06001438201,0.14015151515151514,0.16540404040404041,0.04671717171717172,0.5618686868686869,0.08585858585858586
06001438203,0.0058823529411764705,0.4717647058823529,0.16470588235294117,0.26823529411764707,0.08941176470588236
06001438204,0.01079913606911447,0.5205183585313174,0.14254859611231102,0.23974082073434125,0.08639308855291576
06001438300,0.05059203444564048,0.24973089343379978,0.021528525296017224,0.5317545748116254,0.14639397201291712
06001438400,0.0111731843575419,0.5083798882681564,0.00558659217877095,0.3407821229050279,0.1340782122905028
06001440100,0.007380073800738007,0.4280442804428044,0.04428044280442804,0.43911439114391143,0.08118081180811808
06001440200,0.04405737704918033,0.3043032786885246,0.10860655737704918,0.4774590163934426,0.06557377049180328
06001440301,0.0014792899408284023,0.5133136094674556,0.1760355029585799,0.23742603550295857,0.07174556213017752
06001440304,0.03794266441821248,0.5269814502529511,0.02866779089376054,0.2824620573355818,0.1239460370994941
06001440305,0.0,0.3771760154738878,0.0009671179883945841,0.46034816247582205,0.16150870406189555
06001440306,0.027196652719665274,0.547071129707113,0.006276150627615063,0.3190376569037657,0.100418410041841
06001440307,0.0016806722689075631,0.5445378151260504,0.13109243697478992,0.25882352941176473,0.06386554621848739
06001440308,0.0,0.5382562277580071,0.12366548042704627,0.26423487544483987,0.07384341637010676
06001440331,0.023853211009174313,0.29541284403669726,0.3302752293577982,0.29174311926605506,0.05871559633027523
06001440332,0.0,0.0759493670886076,0.6237054085155351,0.23014959723820483,0.07019562715765247
06001440333,0.0,0.35127478753541075,0.556657223796034,0.06940509915014165,0.0226628895184136
06001440334,0.0,0.5238987816307404,0.007497656982193065,0.3402061855670103,0.12839737582005623
06001440335,0.0,0.38064516129032255,0.4894009216589862,0.10138248847926268,0.02857142857142857
06001440336,0.00878293601003764,0.5269761606022585,0.0037641154328732747,0.3575909661229611,0.1028858218318695
06001441100,0.01952807160292921,0.2790886899918633,0.22050447518307567,0.3824247355573637,0.0984540276647681
06001441200,0.019161056447436563,0.3578456758156396,0.14759192128430865,0.38011393060590365,0.09528741584671155
06001441301,0.0,0.2923076923076923,0.4246153846153846,0.2153846153846154,0.06769230769230769
06001441302,0.0,0.3474853037230568,0.020901371652514697,0.46244284781188766,0.16917047681254083
06001441401,0.01158504476040021,0.3712480252764613,0.03370194839389152,0.44813059505002634,0.13533438651922064
06001441402,0.0013271400132714001,0.4558725945587259,0.19840743198407432,0.23623092236230922,0.10816191108161911
06001441501,0.0,0.32852852852852854,0.2726726726726727,0.3063063063063063,0.09249249249249249
06001441503,0.0,0.4381551362683438,0.05380852550663871,0.129979035639413,0.3780573025856045
06001441521,0.0,0.4508636092912448,0.08755211435378202,0.3293627159023228,0.13222156045265038
06001441522,0.0221147201105736,0.31651693158258465,0.0884588804422944,0.437456807187284,0.1354526606772633
06001441523,0.0,0.7784431137724551,0.001996007984031936,0.18762475049900199,0.031936127744510975
06001441524,0.0,0.6237172177879133,0.17217787913340935,0.1516533637400228,0.052451539338654506
06001441601,0.0028328611898017,0.29603399433427763,0.004957507082152974,0.5311614730878187,0.165014164305949
06001441602,0.04911323328785812,0.38540245566166437,0.007503410641200546,0.4208731241473397,0.13710777626193724
06001441700,0.03756708407871199,0.3479427549194991,0.11449016100178891,0.39177101967799643,0.10822898032200358
06001441800,0.025577043044291953,0.3025577043044292,0.06051154086088584,0.47723019338739864,0.13412351840299438
06001441921,0.04809286898839138,0.1857379767827529,0.04311774461028192,0.5953565505804311,0.12769485903814262
06001441923,0.028169014084507043,0.36619718309859156,0.014084507042253521,0.4507042253521127,0.14084507042253522
06001441924,0.010623229461756374,0.46742209631728043,0.034702549575070823,0.37747875354107646,0.10977337110481586
06001441925,0.0,0.017857142857142856,0.0,0.8928571428571429,0.08928571428571429
06001441926,0.0043859649122807015,0.44298245614035087,0.008771929824561403,0.39035087719298245,0.15350877192982457
06001441927,0.0,0.820627802690583,0.0,0.15022421524663676,0.02914798206278027
06001442000,0.0,0.20395327942497754,0.2812219227313567,0.33782569631626236,0.17699910152740342
06001442100,0.001218769043266301,0.3217550274223035,0.054844606946983544,0.4753199268738574,0.14686166971358927
06001442200,0.001364877161055505,0.2556869881710646,0.05732484076433121,0.467697907188353,0.21792538671519562
06001442301,0.00866738894907909,0.29469122426868904,0.00866738894907909,0.5167930660888408,0.17118093174431204
06001442302,0.011029411764705883,0.31066176470588236,0.0625,0.45588235294117646,0.15992647058823528
06001442400,0.02045877247365158,0.27154370737755734,0.03905765654060756,0.5319280843149411,0.1370117792932424
06001442500,0.030637254901960783,0.42034313725490197,0.006740196078431373,0.3872549019607843,0.15502450980392157
06001442601,0.0,0.2300194931773879,0.007797270955165692,0.580896686159844,0.18128654970760233
06001442602,0.0009900990099009901,0.23366336633663368,0.06732673267326733,0.5128712871287129,0.18514851485148515
06001442700,0.0,0.2142064372918979,0.00776914539400666,0.5948945615982242,0.18312985571587126
06001442800,0.0427807486631016,0.38181818181818183,0.009625668449197862,0.41818181818181815,0.14759358288770053
06001442900,0.0005302226935312832,0.38494167550371156,0.01007423117709438,0.46129374337221635,0.14316012725344646
06001443001,0.02916160388821385,0.2393681652490887,0.013365735115431349,0.560145808019441,0.15795868772782504
06001443002,0.016973125884016973,0.5388967468175389,0.01768033946251768,0.3132956152758133,0.11315417256011315
06001443102,0.0,0.2998040496407577,0.2998040496407577,0.2775963422599608,0.12279555845852384
06001443103,0.0,0.08631921824104234,0.3241042345276873,0.28745928338762217,0.30211726384364823
06001443104,0.02966381015161503,0.27158866183256425,0.2228081740276862,0.3230059327620303,0.15293342122610415
06001443105,0.0,0.13419618528610355,0.3630790190735695,0.3412806539509537,0.1614441416893733
06001443200,0.0,0.04886267902274642,0.43976411120471776,0.33698399326032014,0.17438921651221567
06001443301,0.006329113924050633,0.3805379746835443,0.18037974683544303,0.30063291139240506,0.13212025316455697
06001443321,0.0,0.27419354838709675,0.0,0.49193548387096775,0.23387096774193547
06001443322,0.0010905125408942203,0.2998909487459106,0.010905125408942203,0.4983642311886587,0.18974918211559433
06001444100,0.002969876962240136,0.38141705557912603,0.02927450148493848,0.419176919813322,0.16716164616037335
06001444200,0.007386363636363636,0.40795454545454546,0.017613636363636363,0.41363636363636364,0.1534090909090909
06001444301,0.0010741138560687433,0.30934479054779807,0.08807733619763695,0.4446831364124597,0.15682062298603652
06001444302,0.016300940438871474,0.2507836990595611,0.060815047021943576,0.2394984326018809,0.43260188087774293
06001444400,0.05785123966942149,0.1993801652892562,0.04132231404958678,0.5950413223140496,0.10640495867768596
06001444500,0.02643171806167401,0.44757709251101324,0.1356828193832599,0.3162995594713656,0.07400881057268723
06001444601,0.004027617951668585,0.5241657077100115,0.02704257767548907,0.2899884925201381,0.15477560414269276
06001444602,0.0,0.49054982817869414,0.002577319587628866,0.1323024054982818,0.3745704467353952
06001450101,0.0,0.2214765100671141,0.5704697986577181,0.14429530201342283,0.06375838926174497
06001450102,0.0,0.1740858505564388,0.35771065182829886,0.10254372019077901,0.3656597774244833
06001450200,0.0,0.15228426395939088,0.33248730964467005,0.31218274111675126,0.20304568527918782
06001450300,0.0,0.3333333333333333,0.0014461315979754157,0.4953000723065799,0.16992046276211134
06001450400,0.0011487650775416428,0.35841470419299254,0.009764503159103963,0.47156806433084436,0.15910396323951753
06001450501,0.0,0.2822085889570552,0.09693251533742331,0.48466257668711654,0.1361963190184049
06001450502,0.0,0.12244897959183673,0.3547418967587035,0.234093637454982,0.2887154861944778
06001450601,0.00535475234270415,0.07362784471218206,0.17670682730923695,0.4404283801874163,0.3038821954484605
06001450602,0.0032336297493936943,0.3104284559417947,0.1471301535974131,0.4211802748585287,0.11802748585286985
06001450603,0.003190810465858328,0.402680280791321,0.01148691767708998,0.4830887045309509,0.09955328653477984
06001450604,0.004366812227074236,0.18340611353711792,0.08296943231441048,0.6215429403202329,0.10771470160116449
06001450605,0.005813953488372093,0.27408637873754155,0.014950166112956811,0.5739202657807309,0.13122923588039867
06001450606,0.006349206349206349,0.18465608465608466,0.19365079365079366,0.5206349206349207,0.09470899470899471
06001450607,0.013157894736842105,0.17703349282296652,0.22129186602870812,0.3708133971291866,0.21770334928229665
06001450701,0.0029178824510212586,0.06294289287203002,0.20842017507294705,0.3826594414339308,0.34305960817007086
06001450741,0.002583979328165375,0.15762273901808785,0.08010335917312661,0.5658914728682171,0.1937984496124031
06001450742,0.002398081534772182,0.26298960831334933,0.08633093525179857,0.5035971223021583,0.14468425259792167
06001450743,0.04820627802690583,0.647982062780269,0.05941704035874439,0.1961883408071749,0.04820627802690583
06001450744,0.003875968992248062,0.27648578811369506,0.09431524547803617,0.520671834625323,0.10465116279069768
06001450745,0.005479452054794521,0.36547945205479454,0.2284931506849315,0.2608219178082192,0.13972602739726028
06001450746,0.001885014137606032,0.3110273327049953,0.021677662582469368,0.5202639019792649,0.14514608859566447
06001450750,0.0,0.0030303030303030303,0.0,0.24545454545454545,0.7515151515151515
06001450751,0.0,0.026455026455026454,0.19647266313932982,0.09770723104056438,0.6793650793650794
06001450752,0.0,0.04079933388842631,0.2785179017485429,0.13946711074104912,0.5412156536219817
06001451101,0.0,0.38990825688073394,0.24197247706422018,0.2545871559633027,0.11353211009174312
06001451102,0.0,0.1395864106351551,0.4194977843426883,0.310192023633678,0.1307237813884786
06001451201,0.013717421124828532,0.4663923182441701,0.11888431641518062,0.2830361225422954,0.11796982167352538
06001451202,0.0024630541871921183,0.5451559934318555,0.0451559934318555,0.3070607553366174,0.10016420361247948
06001451300,0.004522613065326633,0.3422110552763819,0.09195979899497488,0.4291457286432161,0.1321608040201005
06001451401,0.002638522427440633,0.3660949868073879,0.31926121372031663,0.23087071240105542,0.08113456464379948
06001451403,0.004132231404958678,0.22727272727272727,0.02203856749311295,0.5606060606060606,0.1859504132231405
06001451404,0.03526093088857546,0.28138222849083216,0.036671368124118475,0.5430183356840621,0.10366713681241185
06001451501,0.0015772870662460567,0.19085173501577288,0.35646687697160884,0.3186119873817035,0.13249211356466878
06001451503,0.00436442989634479,0.24495362793235134,0.09874522640480088,0.4768139661756683,0.1751227495908347
06001451504,0.0,0.5460674157303371,0.2247191011235955,0.16853932584269662,0.060674157303370786
06001451505,0.0,0.3226366001734605,0.2610581092801388,0.32090199479618386,0.09540329575021683
06001451506,0.0017271157167530224,0.5129533678756477,0.07772020725388601,0.2918825561312608,0.1157167530224525
06001451601,0.007879656160458453,0.12106017191977077,0.4369627507163324,0.29083094555873923,0.14326647564469913
06001451602,0.014607425441265977,0.357273280584297,0.08642726719415703,0.43700547778454046,0.1046865489957395
06001451701,0.0,0.17529518619436876,0.0,0.5930971843778383,0.23160762942779292
06001451703,0.0,0.1984251968503937,0.22283464566929134,0.4385826771653543,0.14015748031496064
06001451704,0.0,0.19314868804664723,0.08527696793002916,0.5371720116618076,0.18440233236151604
06001982000,1.0,0.0,0.0,0.0,0.0
06001983200,0.0,0.5,0.5,0.0,0.0
06003010000,0.015427769985974754,0.24403927068723702,0.18373071528751753,0.42496493688639553,0.13183730715287517
06005000101,0.033261026753434564,0.4779464931308749,0.1373825018076645,0.2783803326102675,0.0730296456977585
06005000102,0.04064272211720227,0.5103969754253308,0.13137996219281664,0.24196597353497165,0.07561436672967864
06005000200,0.04589371980676329,0.25483091787439616,0.1292270531400966,0.4420289855072464,0.1280193236714976
06005000301,0.038910505836575876,0.5836575875486382,0.05058365758754864,0.28793774319066145,0.038910505836575876
06005000303,0.01603017444601603,0.297029702970297,0.1188118811881188,0.40358321546440357,0.16454502593116455
06005000304,0.0038255547054322878,0.6817138485080336,0.1331293037490436,0.1315990818668707,0.04973221117061974
06005000401,0.023758099352051837,0.3650107991360691,0.19546436285097193,0.3250539956803456,0.09071274298056156
06005000402,0.0283436669619132,0.4216120460584588,0.18069087688219662,0.28255093002657217,0.08680248007085917
06005000500,0.024516129032258065,0.3793548387096774,0.1393548387096774,0.37548387096774194,0.08129032258064516
06007000102,0.003369839932603201,0.32771693344566133,0.039595619208087615,0.489469250210615,0.13984835720303285
06007000103,0.0009546539379474941,0.3947494033412888,0.07159904534606205,0.3742243436754177,0.158472553699284
06007000104,0.0014609203798392988,0.46676406135865595,0.02191380569758948,0.38203067932797663,0.12783053323593865
06007000201,0.020134228187919462,0.35570469798657717,0.11409395973154363,0.4563758389261745,0.053691275167785234
06007000202,0.028985507246376812,0.3188405797101449,0.016563146997929608,0.4782608695652174,0.15734989648033126
06007000300,0.023715415019762844,0.46047430830039526,0.005928853754940711,0.3794466403162055,0.13043478260869565
06007000401,0.0,0.07597535934291581,0.16940451745379878,0.3470225872689938,0.4075975359342916
06007000402,0.001946787800129786,0.43478260869565216,0.19857235561323816,0.28942245295262814,0.07527579493835172
06007000501,0.003616636528028933,0.2965641952983725,0.24773960216998192,0.3128390596745027,0.13924050632911392
06007000502,0.04310344827586207,0.3017241379310345,0.0603448275862069,0.5172413793103449,0.07758620689655173
06007000601,0.011824324324324325,0.3733108108108108,0.08361486486486487,0.43496621621621623,0.09628378378378379
06007000603,0.07056451612903226,0.19959677419354838,0.09879032258064516,0.6068548387096774,0.024193548387096774
06007000604,0.05067567567567568,0.46283783783783783,0.10472972972972973,0.3344594594594595,0.0472972972972973
06007000700,0.04009433962264151,0.18081761006289307,0.09669811320754718,0.6218553459119497,0.060534591194968554
06007000800,0.005385029617662897,0.29617662897145935,0.05977382875605816,0.48896068928379105,0.14970382337102853
06007000901,0.002066115702479339,0.41012396694214875,0.13739669421487602,0.3006198347107438,0.14979338842975207
